loadstring(game:HttpGet("https://raw.githubusercontent.com/GelatekWasTaken/GelatekV2/main/LoadLibrary.lua"))()
--[[Pew pew gun thing by SezHu]]--
warn("I like John Wick.")

wait(1 / 60)
Effects = { }
local Player = game.Players.localPlayer
local Mouse = Player:GetMouse()
local Character = Player.Character.Reanim
local Humanoid = Character.Humanoid
local Head = Character.Head
local RootPart = Character.HumanoidRootPart
local Torso = Character.Torso
local LeftArm = Character["Left Arm"]
local RightArm = Character["Right Arm"]
local LeftLeg = Character["Left Leg"]
local RightLeg = Character["Right Leg"]
local Camera = game.Workspace.CurrentCamera
local RootJoint = RootPart.RootJoint
local Equipped = false
local Attack = false
local Anim = 'Idle'
local Idle = 0
local Combo = 1
local TorsoVelocity = (RootPart.Velocity * Vector3.new(1, 0, 1)).magnitude 
local Velocity = RootPart.Velocity.y
local Sine = 0
local Change = 1
local lockcam = workspace.CurrentCamera
lockcam.CameraType = "Custom"
lockcam.CameraSubject = Head

local RbxUtility = LoadLibrary("RbxUtility")
local Create = RbxUtility.Create


Humanoid.WalkSpeed = 25
Humanoid.JumpPower = 100
Humanoid.Animator.Parent = nil
Character.Animate.Parent = nil

local newMotor = function(part0, part1, c0, c1)
	local w = Create('Motor'){
		Parent = part0,
		Part0 = part0,
		Part1 = part1,
		C0 = c0,
		C1 = c1,
	}
	return w
end



function clerp(a, b, t)
	return a:lerp(b, t)
end

RootCF = CFrame.fromEulerAnglesXYZ(-1.57, 0, 3.14)
NeckCF = CFrame.new(0, 1, 0, -1, -0, -0, 0, 0, 1, 0, 1, 0)

local RW = newMotor(Torso, RightArm, CFrame.new(1.5, 0, 0), CFrame.new(0, 0, 0)) 
local LW = newMotor(Torso, LeftArm, CFrame.new(-1.5, 0, 0), CFrame.new(0, 0, 0))
local RH = newMotor(Torso, RightLeg, CFrame.new(.5, -2, 0), CFrame.new(0, 0, 0))
local LH = newMotor(Torso, LeftLeg, CFrame.new(-.5, -2, 0), CFrame.new(0, 0, 0))
RootJoint.C1 = CFrame.new(0, 0, 0)
RootJoint.C0 = CFrame.new(0, 0, 0)
Torso.Neck.C1 = CFrame.new(0, 0, 0)
Torso.Neck.C0 = CFrame.new(0, 1.5, 0)

local rarmc1 = RW.C1
local larmc1 = LW.C1
local rlegc1 = RH.C1
local llegc1 = LH.C1

local resetc1 = false

function PlayAnimationFromTable(table, speed, bool)
	RootJoint.C0 = clerp(RootJoint.C0, table[1], speed) 
	Torso.Neck.C0 = clerp(Torso.Neck.C0, table[2], speed) 
	RW.C0 = clerp(RW.C0, table[3], speed) 
	LW.C0 = clerp(LW.C0, table[4], speed) 
	RH.C0 = clerp(RH.C0, table[5], speed) 
	LH.C0 = clerp(LH.C0, table[6], speed) 
	if bool == true then
		if resetc1 == false then
			resetc1 = true
			RootJoint.C1 = RootJoint.C1
			Torso.Neck.C1 = Torso.Neck.C1
			RW.C1 = rarmc1
			LW.C1 = larmc1
			RH.C1 = rlegc1
			LH.C1 = llegc1
		end
	end
end

ArtificialHB = Create("BindableEvent"){
	Parent = script,
	Name = "Heartbeat",
}

script:WaitForChild("Heartbeat")

frame = 1 / 35
tf = 0
allowframeloss = false
tossremainder = false
lastframe = tick()
script.Heartbeat:Fire()

game:GetService("RunService").Heartbeat:connect(function(s, p)
	tf = tf + s
	if tf >= frame then
		if allowframeloss then
			script.Heartbeat:Fire()
			lastframe = tick()
		else
			for i = 1, math.floor(tf / frame) do
				script.Heartbeat:Fire()
			end
			lastframe = tick()
		end
		if tossremainder then
			tf = 0
		else
			tf = tf - frame * math.floor(tf / frame)
		end
	end
end)

function swait(num)
	if num == 0 or num == nil then
		ArtificialHB.Event:wait()
	else
		for i = 0, num do
			ArtificialHB.Event:wait()
		end
	end
end

local m = Create("Model"){
	Parent = Character,
	Name = "WeaponModel"
}







function RemoveOutlines(part)
	part.TopSurface, part.BottomSurface, part.LeftSurface, part.RightSurface, part.FrontSurface, part.BackSurface = 10, 10, 10, 10, 10, 10
end
	
CFuncs = {	
	Part = {
		Create = function(Parent, Material, Reflectance, Transparency, BColor, Name, Size)
			local Part = Create("Part"){
				Parent = Parent,
				Reflectance = Reflectance,
				Transparency = Transparency,
				CanCollide = false,
				Locked = true,
				BrickColor = BrickColor.new(tostring(BColor)),
				Name = Name,
				Size = Size,
				Material = Material,
			}
			RemoveOutlines(Part)
			if Size == Vector3.new() then
				Part.Size = Vector3.new(0.2, 0.2, 0.2)
			else
				Part.Size = Size
			end
			return Part
		end;
	};
	
	Mesh = {
		Create = function(Mesh, Part, MeshType, MeshId, OffSet, Scale)
			local Msh = Create(Mesh){
				Parent = Part,
				Offset = OffSet,
				Scale = Scale,
			}
			if Mesh == "SpecialMesh" then
				Msh.MeshType = MeshType
				Msh.MeshId = MeshId
			end
			return Msh
		end;
	};

	Weld = {
		Create = function(Parent, Part0, Part1, C0, C1)
			local Weld = Create("Weld"){
				Parent = Parent,
				Part0 = Part0,
				Part1 = Part1,
				C0 = C0,
				C1 = C1,
			}
			return Weld
		end;
	};

	Sound = {
		Create = function(id, par, vol, pit) 
			local Sound = Create("Sound"){
				Volume = vol,
				Pitch = pit or 1,
				SoundId = "rbxassetid://" .. id,
				Parent = par or workspace,
			}
			Sound:play() 
			return Sound
		end;
	};
	
	Decal = {
		Create = function(Color, Texture, Transparency, Name, Parent)
			local Decal = Create("Decal"){
				Color3 = Color,
				Texture = "rbxassetid://" .. Texture,
				Transparency = Transparency,
				Name = Name,
				Parent = Parent,
			}
			return Decal
		end;
	};
	
	BillboardGui = {
		Create = function(Parent, Image, Position, Size)
			local BillPar = CFuncs.Part.Create(Parent, "SmoothPlastic", 0, 1, BrickColor.new("Black"), "BillboardGuiPart", Vector3.new(1, 1, 1))
			BillPar.CFrame = CFrame.new(Position)
			local Bill = Create("BillboardGui"){
				Parent = BillPar,
				Adornee = BillPar,
				Size = UDim2.new(1, 0, 1, 0),
				SizeOffset = Vector2.new(Size, Size),
			}
			local d = Create("ImageLabel", Bill){
				Parent = Bill,
				BackgroundTransparency = 1,
				Size = UDim2.new(1, 0, 1, 0),
				Image = "rbxassetid://" .. Image,
			}
			return BillPar
		end
	};
	
	ParticleEmitter = {
		Create = function(Parent, Color1, Color2, LightEmission, Size, Texture, Transparency, ZOffset, Accel, Drag, LockedToPart, VelocityInheritance, EmissionDirection, Enabled, LifeTime, Rate, Rotation, RotSpeed, Speed, VelocitySpread)
			local Particle = Create("ParticleEmitter"){
				Parent = Parent,
				Color = ColorSequence.new(Color1, Color2),
				LightEmission = LightEmission,
				Size = Size,
				Texture = Texture,
				Transparency = Transparency,
				ZOffset = ZOffset,
				Acceleration = Accel,
				Drag = Drag,
				LockedToPart = LockedToPart,
				VelocityInheritance = VelocityInheritance,
				EmissionDirection = EmissionDirection,
				Enabled = Enabled,
				Lifetime = LifeTime,
				Rate = Rate,
				Rotation = Rotation,
				RotSpeed = RotSpeed,
				Speed = Speed,
				VelocitySpread = VelocitySpread,
			}
			return Particle
		end;
	};
	
	CreateTemplate = {
		
	};
}



Laser = function(brickcolor, reflect, cframe, x1, y1, z1, x3, y3, z3, delay)
	
	prt = CFuncs.Part.Create(EffectModel, "SmoothPlastic", reflect, 0, brickcolor, "Effect", Vector3.new(.1, 0.5, 0.1))
	prt.Anchored = true
	prt.CFrame = cframe
	prt.Material = "Neon"
	local msh = CFuncs.Mesh.Create("CylinderMesh", prt, "", "", Vector3.new(0, 0, 0), Vector3.new(x1, y1, z1))
	game:GetService("Debris"):AddItem(prt, 10)
	coroutine.resume(coroutine.create(function(Part, Mesh)
		
		for i = 0, 1, delay do
			swait()
			Part.Transparency = i
			Mesh.Scale = Mesh.Scale + Vector3.new(x3, y3, z3)
		end
		Part.Parent = nil
	end
), prt, msh)
end






New = function(Object, Parent, Name, Data)
	local Object = Instance.new(Object)
	for Index, Value in pairs(Data or {}) do
		Object[Index] = Value
	end
	Object.Parent = Parent
	Object.Name = Name
	return Object
end

Handle2=CFuncs.Part.Create(m,Enum.Material.Plastic,1,1,"Medium stone grey","Handle2",Vector3.new(0.440000921, 0.409999877, 0.450001299))
Handle2Weld=CFuncs.Weld.Create(m,Character["Left Arm"],Handle2,CFrame.new(0, 0, 0, 1, 0, 0, 0, 1, 0, 0, 0, 1),CFrame.new(1.47545052, 0.0741100311, 0.0649585724, 0.030649215, 0.998502314, 0.0453163981, -0.0977259576, 0.0481139421, -0.994049668, -0.99474138, 0.0260382295, 0.099054262))
moter = New("Weld",Handle,"mot",{Part0 = LeftArm,Part1 = Handle2,})


Handle=CFuncs.Part.Create(m,Enum.Material.Plastic,0,1,"Black","Handle",Vector3.new(1, 0.640000343, 0.480000138))
HandleWeld=CFuncs.Weld.Create(m,Character["Right Arm"],Handle,CFrame.new(0, 0, 0, 1, 0, 0, 0, 1, 0, 0, 0, 1),CFrame.new(-0.0537261963, -0.229599118, 0.664536357, 0.997408867, -0.0183529984, 0.0695609897, 0.0671602935, -0.10906899, -0.991762877, 0.0257887691, 0.993864775, -0.10755378))


FakeHandle=CFuncs.Part.Create(m,Enum.Material.Plastic,0,1,"Black","FakeHandle",Vector3.new(1, 0.640000343, 0.480000138))
FakeHandleWeld=CFuncs.Weld.Create(m,Handle,FakeHandle,CFrame.new(0, 0, 0, 1, 0, 0, 0, 1, 0, 0, 0, 1),CFrame.new(-0.0537261963, -0.229599118, 0.664536357, 0.997408867, -0.0183529984, 0.0695609897, 0.0671602935, -0.10906899, -0.991762877, 0.0257887691, 0.993864775, -0.10755378))


trigger=CFuncs.Part.Create(m,Enum.Material.Plastic,0,0,"Black","trigger",Vector3.new(1, 0.800000012, 1))
triggerWeld=CFuncs.Weld.Create(m,FakeHandle,trigger,CFrame.new(0, 0, 0, 1, 0, 0, 0, 1, 0, 0, 0, 1),CFrame.new(-0.151900053, 0.239495739, 0.00701904297, 0.0134571567, 0.99990958, 2.01910734e-05, 7.38943927e-05, -2.11894512e-05, 1, 0.99990952, -0.0134571418, -7.41733238e-05))
CFuncs.Mesh.Create("BlockMesh",trigger,"","",Vector3.new(0, 0, 0),Vector3.new(0.0199999996, 0.5, 0.0700000003))
trigger=CFuncs.Part.Create(m,Enum.Material.Plastic,0,0,"Black","trigger",Vector3.new(1, 0.800000012, 1))
triggerWeld=CFuncs.Weld.Create(m,FakeHandle,trigger,CFrame.new(0, 0, 0, 1, 0, 0, 0, 1, 0, 0, 0, 1),CFrame.new(0.429587066, 0.271885633, 0.00701141357, 7.24140555e-05, 4.45842743e-05, 0.99999994, -0.0134558454, -0.999909639, 4.55528498e-05, 0.99990952, -0.0134558454, -7.18068331e-05))
CFuncs.Mesh.Create("BlockMesh",trigger,"","",Vector3.new(0, 0, 0),Vector3.new(0.0199999996, 0.300000012, 0.0700000003))
support=CFuncs.Part.Create(m,Enum.Material.Plastic,0,0,"Black","support",Vector3.new(1, 0.800000012, 1))
supportWeld=CFuncs.Weld.Create(m,FakeHandle,support,CFrame.new(0, 0, 0, 1, 0, 0, 0, 1, 0, 0, 0, 1),CFrame.new(0.00704956055, -0.300316542, 0.401988506, 0.999909699, -0.0134435743, -6.93630427e-05, 6.9775153e-05, 3.03909183e-05, 1.00000012, -0.0134435818, -0.999909639, 3.13222408e-05))
CFuncs.Mesh.Create("SpecialMesh",support,Enum.MeshType.Wedge,"",Vector3.new(0, 0, 0),Vector3.new(0.129999995, 0.100000001, 0.0700000003))
barrel=CFuncs.Part.Create(m,Enum.Material.Plastic,0.20000000298023,0,"Medium stone grey","barrel",Vector3.new(1, 1.20000005, 1))
barrelWeld=CFuncs.Weld.Create(m,FakeHandle,barrel,CFrame.new(0, 0, 0, 1, 0, 0, 0, 1, 0, 0, 0, 1),CFrame.new(0.00703048706, -0.529606879, -0.5019629, 0.999909699, -0.0134435743, -6.93630427e-05, -6.9775153e-05, -3.03909183e-05, -1.00000012, 0.0134435818, 0.999909639, -3.13222408e-05))
CFuncs.Mesh.Create("CylinderMesh",barrel,"","",Vector3.new(0, 0.100000001, 0.0149999997),Vector3.new(1, 0.829999983, 0.119999997))
barrelcore=CFuncs.Part.Create(m,Enum.Material.Plastic,0,0,"Really black","barrelcore",Vector3.new(1, 1.20000005, 1))
barrelcoreWeld=CFuncs.Weld.Create(m,FakeHandle,barrelcore,CFrame.new(0, 0, 0, 1, 0, 0, 0, 1, 0, 0, 0, 1),CFrame.new(0.00703048706, -0.529606879, -0.5019629, 0.999909699, -0.0134435743, -6.93630427e-05, -6.9775153e-05, -3.03909183e-05, -1.00000012, 0.0134435818, 0.999909639, -3.13222408e-05))
CFuncs.Mesh.Create("CylinderMesh",barrelcore,"","",Vector3.new(0, 0.101000004, 0.0149999997),Vector3.new(1, 0.829999983, 0.109999999))
grip=CFuncs.Part.Create(m,Enum.Material.Plastic,0,0,"Black","grip",Vector3.new(1, 0.800000012, 1))
gripWeld=CFuncs.Weld.Create(m,FakeHandle,grip,CFrame.new(0, 0, 0, 1, 0, 0, 0, 1, 0, 0, 0, 1),CFrame.new(0.00703048706, -0.243692428, 0.0935220718, 0.999909699, -0.0134435743, -6.93630427e-05, 0.000538915396, 0.034927085, 0.999389827, -0.0134329498, -0.999299467, 0.0349311605))
CFuncs.Mesh.Create("SpecialMesh",grip,Enum.MeshType.Wedge,"",Vector3.new(0, 0, 0),Vector3.new(0.129999995, 0.449999988, 0.800000012))
grip=CFuncs.Part.Create(m,Enum.Material.Plastic,0,0,"Black","grip",Vector3.new(1, 0.800000012, 1))
gripWeld=CFuncs.Weld.Create(m,FakeHandle,grip,CFrame.new(0, 0, 0, 1, 0, 0, 0, 1, 0, 0, 0, 1),CFrame.new(-0.00705337524, -0.280295193, -0.261995792, -0.999909699, 0.0134435743, 6.93630427e-05, 6.9775153e-05, 3.03909183e-05, 1.00000012, 0.0134435818, 0.999909639, -3.13222408e-05))
CFuncs.Mesh.Create("SpecialMesh",grip,Enum.MeshType.Wedge,"",Vector3.new(0, 0, 0),Vector3.new(0.129999995, 0.100000001, 0.119999997))
grip=CFuncs.Part.Create(m,Enum.Material.Plastic,0,0,"Black","grip",Vector3.new(1, 0.800000012, 1))
gripWeld=CFuncs.Weld.Create(m,FakeHandle,grip,CFrame.new(0, 0, 0, 1, 0, 0, 0, 1, 0, 0, 0, 1),CFrame.new(0.00703430176, -0.0529338121, -0.133486509, 0.999909639, -0.0134445727, -6.94710761e-05, 0.012750335, 0.949891746, -0.312319487, 0.00426499359, 0.31229037, 0.949977219))
CFuncs.Mesh.Create("BlockMesh",grip,"","",Vector3.new(0, 0, 0),Vector3.new(0.129999995, 0.899999976, 0.349999994))
grip=CFuncs.Part.Create(m,Enum.Material.Plastic,0,0,"Black","grip",Vector3.new(1, 0.800000012, 1))
gripWeld=CFuncs.Weld.Create(m,FakeHandle,grip,CFrame.new(0, 0, 0, 1, 0, 0, 0, 1, 0, 0, 0, 1),CFrame.new(-0.00706481934, -0.280296892, -0.291983843, -0.999909699, 0.0134435743, 6.93630427e-05, 6.9775153e-05, 3.03909183e-05, 1.00000012, 0.0134435818, 0.999909639, -3.13222408e-05))
CFuncs.Mesh.Create("SpecialMesh",grip,Enum.MeshType.Wedge,"",Vector3.new(0, 0, 0),Vector3.new(0.129999995, 0.200000003, 0.0700000003))
grip=CFuncs.Part.Create(m,Enum.Material.Plastic,0,0,"Black","grip",Vector3.new(1, 1.20000005, 1))
gripWeld=CFuncs.Weld.Create(m,FakeHandle,grip,CFrame.new(0, 0, 0, 1, 0, 0, 0, 1, 0, 0, 0, 1),CFrame.new(0.0203292221, -0.00703430176, -0.321979046, -6.02649525e-05, -3.16947699e-05, -1.00000012, -0.999909699, 0.0134435594, 5.98318875e-05, 0.0134435594, 0.999909699, -3.25068831e-05))
CFuncs.Mesh.Create("CylinderMesh",grip,"","",Vector3.new(0, 0, 0),Vector3.new(1, 0.109999999, 0.0799999982))
grip6=CFuncs.Part.Create(m,Enum.Material.Plastic,0,0,"Black","grip6",Vector3.new(1, 1.20000005, 1))
grip6Weld=CFuncs.Weld.Create(m,FakeHandle,grip6,CFrame.new(0, 0, 0, 1, 0, 0, 0, 1, 0, 0, 0, 1),CFrame.new(0.180281326, -0.00701904297, 0.178030491, -6.02649525e-05, -3.16947699e-05, -1.00000012, -0.999909699, 0.0134435594, 5.98318875e-05, 0.0134435594, 0.999909699, -3.25068831e-05))
CFuncs.Mesh.Create("CylinderMesh",grip6,"","",Vector3.new(0, 0, 0),Vector3.new(1, 0.109999999, 0.0799999982))
gripwood=CFuncs.Part.Create(m,Enum.Material.Plastic,0,0,"Grey","gripwood",Vector3.new(1, 0.800000012, 1))
gripwoodWeld=CFuncs.Weld.Create(m,FakeHandle,gripwood,CFrame.new(0, 0, 0, 1, 0, 0, 0, 1, 0, 0, 0, 1),CFrame.new(0.00700759888, -0.0971788168, -0.126956403, 0.999909639, -0.0134445727, -6.94710761e-05, 0.012750335, 0.949891746, -0.312319487, 0.00426499359, 0.31229037, 0.949977219))
CFuncs.Mesh.Create("BlockMesh",gripwood,"","",Vector3.new(0, -0.0299999993, 0),Vector3.new(0.130999997, 0.899999976, 0.300000012))
lock=CFuncs.Part.Create(m,Enum.Material.Plastic,0,0,"Black","lock",Vector3.new(1, 1.20000005, 1))
lockWeld=CFuncs.Weld.Create(m,FakeHandle,lock,CFrame.new(0, 0, 0, 1, 0, 0, 0, 1, 0, 0, 0, 1),CFrame.new(0.25027138, -0.00702285767, -0.481977224, -6.77844509e-05, -2.412498e-05, -1.00000012, -0.999909759, 0.0134387538, 6.74538314e-05, 0.0134387463, 0.999909759, -2.50414014e-05))
CFuncs.Mesh.Create("CylinderMesh",lock,"","",Vector3.new(0, 0, 0),Vector3.new(1, 0.0500000007, 0.119999997))
lock=CFuncs.Part.Create(m,Enum.Material.Plastic,0,0,"Black","lock",Vector3.new(1, 1.20000005, 1))
lockWeld=CFuncs.Weld.Create(m,FakeHandle,lock,CFrame.new(0, 0, 0, 1, 0, 0, 0, 1, 0, 0, 0, 1),CFrame.new(0.00704574585, 0.364296615, -0.420812368, 0.999909699, -0.0134435743, -6.93630427e-05, -0.00309224986, -0.224969089, -0.974361002, 0.013083294, 0.974273205, -0.224990368))
CFuncs.Mesh.Create("BlockMesh",lock,"","",Vector3.new(0, 0, 0),Vector3.new(0.0599999987, 0.201000005, 0.0500000007))
mag=CFuncs.Part.Create(m,Enum.Material.Plastic,0,0,"Black","mag",Vector3.new(1, 0.800000012, 1))
magWeld=CFuncs.Weld.Create(m,FakeHandle,mag,CFrame.new(0, 0, 0, 1, 0, 0, 0, 1, 0, 0, 0, 1),CFrame.new(0.00701904297, -0.0528812408, -0.133502185, 0.999909878, -0.0134301931, -5.27910888e-05, 0.0127419457, 0.949895918, -0.312307149, 0.00424449332, 0.31227833, 0.949981332))
CFuncs.Mesh.Create("BlockMesh",mag,"","",Vector3.new(0, 0, 0),Vector3.new(0.119999997, 0.899999976, 0.200000003))
pull1=CFuncs.Part.Create(m,Enum.Material.Plastic,0,0,"Black","pull1",Vector3.new(1, 1.20000005, 1))
pull1Weld=CFuncs.Weld.Create(m,FakeHandle,pull1,CFrame.new(0, 0, 0, 1, 0, 0, 0, 1, 0, 0, 0, 1),CFrame.new(0.00700759888, -0.619629383, -0.401958704, 0.999909699, -0.0134435743, -6.93630427e-05, -6.9775153e-05, -3.03909183e-05, -1.00000012, 0.0134435818, 0.999909639, -3.13222408e-05))
CFuncs.Mesh.Create("CylinderMesh",pull1,"","",Vector3.new(0, 0, 0),Vector3.new(1, 0.829999983, 0.109999999))
pull10=CFuncs.Part.Create(m,Enum.Material.Plastic,0,0,"Black","pull10",Vector3.new(1, 1.20000005, 1))
pull10Weld=CFuncs.Weld.Create(m,FakeHandle,pull10,CFrame.new(0, 0, 0, 1, 0, 0, 0, 1, 0, 0, 0, 1),CFrame.new(0.00703811646, -0.32965982, -0.451967001, 0.999909699, -0.0134435743, -6.93630427e-05, -6.9775153e-05, -3.03909183e-05, -1.00000012, 0.0134435818, 0.999909639, -3.13222408e-05))
CFuncs.Mesh.Create("BlockMesh",pull10,"","",Vector3.new(0, 0, 0),Vector3.new(0.140000001, 0.899999976, 0.100000001))
pull11=CFuncs.Part.Create(m,Enum.Material.Plastic,0,0,"Black","pull11",Vector3.new(1, 1.20000005, 1))
pull11Weld=CFuncs.Weld.Create(m,FakeHandle,pull11,CFrame.new(0, 0, 0, 1, 0, 0, 0, 1, 0, 0, 0, 1),CFrame.new(0.0670394897, -0.189648718, -0.501974106, 0.999909699, -0.0134435743, -6.93630427e-05, -6.9775153e-05, -3.03909183e-05, -1.00000012, 0.0134435818, 0.999909639, -3.13222408e-05))
CFuncs.Mesh.Create("BlockMesh",pull11,"","",Vector3.new(0, 0, 0),Vector3.new(0.0199999996, 0.629999995, 0.109999999))
pull12=CFuncs.Part.Create(m,Enum.Material.Plastic,0,0,"Black","pull12",Vector3.new(1, 1.20000005, 1))
pull12Weld=CFuncs.Weld.Create(m,FakeHandle,pull12,CFrame.new(0, 0, 0, 1, 0, 0, 0, 1, 0, 0, 0, 1),CFrame.new(-0.0629768372, -0.189653218, -0.501966715, 0.999909699, -0.0134435743, -6.93630427e-05, -6.9775153e-05, -3.03909183e-05, -1.00000012, 0.0134435818, 0.999909639, -3.13222408e-05))
CFuncs.Mesh.Create("BlockMesh",pull12,"","",Vector3.new(0, 0, 0),Vector3.new(0, 0.629999995, 0.109999999))
pull13=CFuncs.Part.Create(m,Enum.Material.Plastic,0,0,"Black","pull13",Vector3.new(1, 1.20000005, 1))
pull13Weld=CFuncs.Weld.Create(m,FakeHandle,pull13,CFrame.new(0, 0, 0, 1, 0, 0, 0, 1, 0, 0, 0, 1),CFrame.new(0.00702285767, 0.150307029, -0.481988907, 0.999909699, -0.0134435743, -6.93630427e-05, -6.9775153e-05, -3.03909183e-05, -1.00000012, 0.0134435818, 0.999909639, -3.13222408e-05))
CFuncs.Mesh.Create("BlockMesh",pull13,"","",Vector3.new(0, 0, 0),Vector3.new(0.140000001, 0.200000003, 0.150000006))
pull14=CFuncs.Part.Create(m,Enum.Material.Plastic,0,0,"Really black","pull14",Vector3.new(1, 1.20000005, 1))
pull14Weld=CFuncs.Weld.Create(m,FakeHandle,pull14,CFrame.new(0, 0, 0, 1, 0, 0, 0, 1, 0, 0, 0, 1),CFrame.new(0.00701141357, 0.150305301, -0.481980801, 0.999909699, -0.0134435743, -6.93630427e-05, -6.9775153e-05, -3.03909183e-05, -1.00000012, 0.0134435818, 0.999909639, -3.13222408e-05))
CFuncs.Mesh.Create("BlockMesh",pull14,"","",Vector3.new(0, 0, 0),Vector3.new(0.0599999987, 0.201000005, 0.150000006))
pull15=CFuncs.Part.Create(m,Enum.Material.Plastic,0,0,"Black","pull15",Vector3.new(1, 0.400000006, 1))
pull15Weld=CFuncs.Weld.Create(m,FakeHandle,pull15,CFrame.new(0, 0, 0, 1, 0, 0, 0, 1, 0, 0, 0, 1),CFrame.new(0.00703048706, -1.04958391, -0.561964989, 0.999909699, -0.0134400427, -6.49569556e-05, -6.52852468e-05, -2.39983201e-05, -1, 0.0134400502, 0.999909818, -2.48774886e-05))
CFuncs.Mesh.Create("BlockMesh",pull15,"","",Vector3.new(0, 0, 0),Vector3.new(0.00999999978, 0.129999995, 0.100000001))
pull16=CFuncs.Part.Create(m,Enum.Material.Plastic,0,0,"Black","pull16",Vector3.new(1, 0.400000006, 1))
pull16Weld=CFuncs.Weld.Create(m,FakeHandle,pull16,CFrame.new(0, 0, 0, 1, 0, 0, 0, 1, 0, 0, 0, 1),CFrame.new(0.0270347595, 0.130312085, -0.571975708, 0.999909699, -0.0134400427, -6.49569556e-05, -6.52852468e-05, -2.39983201e-05, -1, 0.0134400502, 0.999909818, -2.48774886e-05))
CFuncs.Mesh.Create("BlockMesh",pull16,"","",Vector3.new(0, 0, 0),Vector3.new(0.0199999996, 0.129999995, 0.100000001))
pull17=CFuncs.Part.Create(m,Enum.Material.Plastic,0,0,"Black","pull17",Vector3.new(1, 0.400000006, 1))
pull17Weld=CFuncs.Weld.Create(m,FakeHandle,pull17,CFrame.new(0, 0, 0, 1, 0, 0, 0, 1, 0, 0, 0, 1),CFrame.new(-0.0129585266, 0.130348355, -0.571978331, 0.999909699, -0.0134435743, -6.93630427e-05, -6.9775153e-05, -3.03909183e-05, -1.00000012, 0.0134435818, 0.999909639, -3.13222408e-05))
CFuncs.Mesh.Create("BlockMesh",pull17,"","",Vector3.new(0, 0, 0),Vector3.new(0.0199999996, 0.129999995, 0.100000001))
pull18=CFuncs.Part.Create(m,Enum.Material.Plastic,0,0,"Black","pull18",Vector3.new(1, 0.400000006, 1))
pull18Weld=CFuncs.Weld.Create(m,FakeHandle,pull18,CFrame.new(0, 0, 0, 1, 0, 0, 0, 1, 0, 0, 0, 1),CFrame.new(0.00703048706, 0.13034448, -0.561985254, 0.999909759, -0.0134398267, -6.6944398e-05, -6.74682669e-05, -3.82959843e-05, -1, 0.0134398341, 0.999909759, -3.92049551e-05))
CFuncs.Mesh.Create("BlockMesh",pull18,"","",Vector3.new(0, 0, 0),Vector3.new(0.0299999993, 0.129999995, 0.100000001))
pull2=CFuncs.Part.Create(m,Enum.Material.Plastic,0,0,"Black","pull2",Vector3.new(1, 1.20000005, 1))
pull2Weld=CFuncs.Weld.Create(m,FakeHandle,pull2,CFrame.new(0, 0, 0, 1, 0, 0, 0, 1, 0, 0, 0, 1),CFrame.new(0.00704574585, -0.619563699, -0.451950073, 0.999909878, -0.0134311616, -6.29704446e-05, -6.34202734e-05, -3.29688191e-05, -1, 0.0134311691, 0.999909878, -3.38107347e-05))
CFuncs.Mesh.Create("BlockMesh",pull2,"","",Vector3.new(0, 0, 0),Vector3.new(0.109999999, 0.829999983, 0.109999999))
pull3=CFuncs.Part.Create(m,Enum.Material.Plastic,0,0,"Black","pull3",Vector3.new(1, 0.800000012, 1))
pull3Weld=CFuncs.Weld.Create(m,FakeHandle,pull3,CFrame.new(0, 0, 0, 1, 0, 0, 0, 1, 0, 0, 0, 1),CFrame.new(0.00703811646, -0.739553452, -0.50193429, 0.999909818, -0.0134332404, -6.21890649e-05, -6.25979155e-05, -2.99289823e-05, -1.00000012, 0.0134332553, 0.999909878, -3.07634473e-05))
CFuncs.Mesh.Create("BlockMesh",pull3,"","",Vector3.new(0, 0, 0),Vector3.new(0.140000001, 0.949999988, 0.109999999))
pull4=CFuncs.Part.Create(m,Enum.Material.Plastic,0,0,"Black","pull4",Vector3.new(1, 0.800000012, 1))
pull4Weld=CFuncs.Weld.Create(m,FakeHandle,pull4,CFrame.new(0, 0, 0, 1, 0, 0, 0, 1, 0, 0, 0, 1),CFrame.new(0.00704956055, -0.739597261, -0.541920185, 0.999909759, -0.0134378821, -6.57103956e-05, -6.59306534e-05, -1.59516931e-05, -1.00000012, 0.0134378746, 0.999909818, -1.68383121e-05))
CFuncs.Mesh.Create("BlockMesh",pull4,"","",Vector3.new(0, 0, 0),Vector3.new(0.0900000036, 0.949999988, 0.109999999))
pull5=CFuncs.Part.Create(m,Enum.Material.Plastic,0,0,"Black","pull5",Vector3.new(1, 0.800000012, 1))
pull5Weld=CFuncs.Weld.Create(m,FakeHandle,pull5,CFrame.new(0, 0, 0, 1, 0, 0, 0, 1, 0, 0, 0, 1),CFrame.new(0.00704193115, 0.0703384876, -0.541975498, 0.999909759, -0.0134378821, -6.57103956e-05, -6.59306534e-05, -1.59516931e-05, -1.00000012, 0.0134378746, 0.999909818, -1.68383121e-05))
CFuncs.Mesh.Create("BlockMesh",pull5,"","",Vector3.new(0, 0, 0),Vector3.new(0.0900000036, 0.5, 0.109999999))
pull6=CFuncs.Part.Create(m,Enum.Material.Plastic,0,0,"Black","pull6",Vector3.new(1, 0.800000012, 1))
pull6Weld=CFuncs.Weld.Create(m,FakeHandle,pull6,CFrame.new(0, 0, 0, 1, 0, 0, 0, 1, 0, 0, 0, 1),CFrame.new(0.46642971, -0.739624321, -0.295387268, 0.503457308, -0.864020228, -3.70740891e-05, -7.86371529e-05, -2.91317701e-06, -1.00000012, 0.864020169, 0.503457367, -6.94096088e-05))
CFuncs.Mesh.Create("BlockMesh",pull6,"","",Vector3.new(0, 0, 0),Vector3.new(0.0500000007, 0.949999988, 0.0900000036))
pull7=CFuncs.Part.Create(m,Enum.Material.Plastic,0,0,"Black","pull7",Vector3.new(1, 0.800000012, 1))
pull7Weld=CFuncs.Weld.Create(m,FakeHandle,pull7,CFrame.new(0, 0, 0, 1, 0, 0, 0, 1, 0, 0, 0, 1),CFrame.new(0.46647644, 0.070343256, -0.295406342, 0.503451586, -0.864023566, -4.46215272e-05, -8.28690827e-05, 3.34531069e-06, -1.00000012, 0.864023507, 0.503451586, -6.99199736e-05))
CFuncs.Mesh.Create("BlockMesh",pull7,"","",Vector3.new(0, 0, 0),Vector3.new(0.0500000007, 0.5, 0.0900000036))
pull8=CFuncs.Part.Create(m,Enum.Material.Plastic,0,0,"Black","pull8",Vector3.new(1, 0.800000012, 1))
pull8Weld=CFuncs.Weld.Create(m,FakeHandle,pull8,CFrame.new(0, 0, 0, 1, 0, 0, 0, 1, 0, 0, 0, 1),CFrame.new(-0.459190369, -0.73966372, -0.307416916, 0.526499987, 0.850175321, -3.15755606e-05, -5.32302074e-05, -4.17232513e-06, -1.00000012, -0.850175142, 0.526500046, 4.30643559e-05))
CFuncs.Mesh.Create("BlockMesh",pull8,"","",Vector3.new(0, 0, 0),Vector3.new(0.0500000007, 0.949999988, 0.0900000036))
pull9=CFuncs.Part.Create(m,Enum.Material.Plastic,0,0,"Black","pull9",Vector3.new(1, 0.800000012, 1))
pull9Weld=CFuncs.Weld.Create(m,FakeHandle,pull9,CFrame.new(0, 0, 0, 1, 0, 0, 0, 1, 0, 0, 0, 1),CFrame.new(-0.460895538, -0.129637823, -0.343458176, 0.526488483, 0.850182414, -2.8014183e-05, -4.84357588e-05, -2.96533108e-06, -1.00000012, -0.850182235, 0.526488543, 3.9614737e-05))
CFuncs.Mesh.Create("BlockMesh",pull9,"","",Vector3.new(0, 0, 0),Vector3.new(0.0500000007, 1, 0.0199999996))
support=CFuncs.Part.Create(m,Enum.Material.Plastic,0,0,"Black","support",Vector3.new(1, 1.20000005, 1))
supportWeld=CFuncs.Weld.Create(m,FakeHandle,support,CFrame.new(0, 0, 0, 1, 0, 0, 0, 1, 0, 0, 0, 1),CFrame.new(0.00702667236, -0.309642404, -0.451959133, 0.999909699, -0.0134435743, -6.93630427e-05, -6.9775153e-05, -3.03909183e-05, -1.00000012, 0.0134435818, 0.999909639, -3.13222408e-05))
CFuncs.Mesh.Create("BlockMesh",support,"","",Vector3.new(0, -0.0399999991, 0),Vector3.new(0.129999995, 0.899999976, 0.100000001))
support=CFuncs.Part.Create(m,Enum.Material.Plastic,0,0,"Black","support",Vector3.new(1, 1.20000005, 1))
supportWeld=CFuncs.Weld.Create(m,FakeHandle,support,CFrame.new(0, 0, 0, 1, 0, 0, 0, 1, 0, 0, 0, 1),CFrame.new(0.00703048706, -0.209693551, -0.401955605, 0.99990958, -0.0134523436, -7.23442063e-05, -7.26664439e-05, -2.34618783e-05, -1.00000012, 0.0134523511, 0.99990958, -2.44379044e-05))
CFuncs.Mesh.Create("CylinderMesh",support,"","",Vector3.new(0, 0.0599999987, 0),Vector3.new(1, 0.899999976, 0.129999995))
support=CFuncs.Part.Create(m,Enum.Material.Plastic,0,0,"Black","support",Vector3.new(1, 0.800000012, 1))
supportWeld=CFuncs.Weld.Create(m,FakeHandle,support,CFrame.new(0, 0, 0, 1, 0, 0, 0, 1, 0, 0, 0, 1),CFrame.new(0.00706863403, 0.27032581, -0.341987371, 0.999909699, -0.0134435743, -6.93630427e-05, -6.9775153e-05, -3.03909183e-05, -1.00000012, 0.0134435818, 0.999909639, -3.13222408e-05))
CFuncs.Mesh.Create("BlockMesh",support,"","",Vector3.new(0, 0, 0),Vector3.new(0.129999995, 0.400000006, 0.0399999991))
support=CFuncs.Part.Create(m,Enum.Material.Plastic,0,0,"Black","support",Vector3.new(1, 0.800000012, 1))
supportWeld=CFuncs.Weld.Create(m,FakeHandle,support,CFrame.new(0, 0, 0, 1, 0, 0, 0, 1, 0, 0, 0, 1),CFrame.new(0.00703811646, -0.350301504, 0.382001877, 0.999909699, -0.0134444609, -7.0463866e-05, 7.08810985e-05, 3.04579735e-05, 1, -0.0134444609, -0.999909759, 3.13967466e-05))
CFuncs.Mesh.Create("SpecialMesh",support,Enum.MeshType.Wedge,"",Vector3.new(0, 0, 0),Vector3.new(0.129999995, 0.200000003, 0.0399999991))
support=CFuncs.Part.Create(m,Enum.Material.Plastic,0,0,"Black","support",Vector3.new(1, 0.800000012, 1))
supportWeld=CFuncs.Weld.Create(m,FakeHandle,support,CFrame.new(0, 0, 0, 1, 0, 0, 0, 1, 0, 0, 0, 1),CFrame.new(0.00700759888, -0.169669658, -0.381963968, 0.999909699, -0.0134435743, -6.93630427e-05, -6.9775153e-05, -3.03909183e-05, -1.00000012, 0.0134435818, 0.999909639, -3.13222408e-05))
CFuncs.Mesh.Create("BlockMesh",support,"","",Vector3.new(0, -0.0399999991, 0),Vector3.new(0.129999995, 1, 0.100000001))
bulletpart=CFuncs.Part.Create(m,Enum.Material.Plastic,0,1,"Black","bulletpart",Vector3.new(0.209999934, 0.170000002, 0.209999904))
bulletpartWeld=CFuncs.Weld.Create(m,FakeHandle,bulletpart,CFrame.new(0, 0, 0, 1, 0, 0, 0, 1, 0, 0, 0, 1),CFrame.new(0.496771336, -1.25435734, 0.0321578979, -0.0134708509, -0.999909401, 3.74764204e-06, -7.72606581e-05, -2.71201134e-06, -1.00000012, 0.999909341, -0.013470836, -7.72150233e-05))




function RayCast(Position, Direction, Range, Ignore)
	return game:service("Workspace"):FindPartOnRay(Ray.new(Position, Direction.unit * (Range or 999.999)), Ignore) 
end 

function FindNearestTorso(Position, Distance, SinglePlayer)
	if SinglePlayer then
		return (SinglePlayer.Torso.CFrame.p - Position).magnitude < Distance
	end
	local List = {}
	for i, v in pairs(workspace:GetChildren()) do
		if v:IsA("Model") then
			if v:findFirstChild("Torso") then
				if v ~= Character then
					if (v.Torso.Position - Position).magnitude <= Distance then
						table.insert(List, v)
					end 
				end 
			end 
		end 
	end
	return List
end



function FindNearestHead(Position, Distance, SinglePlayer)
	if SinglePlayer then
		return (SinglePlayer.Head.CFrame.p - Position).magnitude < Distance
	end
	local List = {}
	for i, v in pairs(workspace:GetChildren()) do
		if v:IsA("Model") then
			if v:findFirstChild("Head") then
				if v ~= Character then
					if (v.Head.Position - Position).magnitude <= Distance then
						table.insert(List, v)
					end 
				end 
			end 
		end 
	end
	return List
end







function Damage(Part, hit, minim, maxim, knockback, Type, Property, Delay, HitSound, HitPitch)
	
end

function ShowDamage(Pos, Text, Time, Color)
	local Rate = (1 / 30)
	local Pos = (Pos or Vector3.new(0, 0, 0))
	local Text = (Text or "")
	local Time = (Time or 2)
	local Color = (Color or Color3.new(1, 0, 1))
	local EffectPart = CFuncs.Part.Create(workspace, "SmoothPlastic", 0, 1, BrickColor.new(Color), "Effect", Vector3.new(0, 0, 0))
	EffectPart.Anchored = true
	local BillboardGui = Create("BillboardGui"){
		Size = UDim2.new(3, 0, 3, 0),
		Adornee = EffectPart,
		Parent = EffectPart,
	}
	local TextLabel = Create("TextLabel"){
		BackgroundTransparency = 1,
		Size = UDim2.new(1, 0, 1, 0),
		Text = Text,
		Font = "SciFi",
		TextColor3 = Color,
		TextScaled = true,
		Parent = BillboardGui,
	}
	game.Debris:AddItem(EffectPart, (Time))
	EffectPart.Parent = game:GetService("Workspace")
	delay(0, function()
		local Frames = (Time / Rate)
		for Frame = 1, Frames do
			wait(Rate)
			local Percent = (Frame / Frames)
			EffectPart.CFrame = CFrame.new(Pos) + Vector3.new(0, Percent, 0)
			TextLabel.TextTransparency = Percent
		end
		if EffectPart and EffectPart.Parent then
			EffectPart:Destroy()
		end
	end)
end

function MagnitudeDamage(Part, Magnitude, MinimumDamage, MaximumDamage, KnockBack, Type, HitSound, HitPitch)
	for _, c in pairs(workspace:children()) do
		local hum = c:findFirstChild("Humanoid")
		if hum ~= nil then
			local head = c:findFirstChild("Torso")
			if head ~= nil then
				local targ = head.Position - Part.Position
				local mag = targ.magnitude
				if mag <= Magnitude and c.Name ~= Player.Name then 
					Damage(head, head, MinimumDamage, MaximumDamage, KnockBack, Type, RootPart, .1, "rbxassetid://" .. HitSound, HitPitch)
				end
			end
		end
	end
end











EffectModel = Create("Model"){
	Parent = Character,
	Name = "EffectModel",
}


Effects = {
	Block = {
		Create = function(brickcolor, cframe, x1, y1, z1, x3, y3, z3, delay, Type, Part)
			local prt = CFuncs.Part.Create(EffectModel, "Neon", 0, 0, brickcolor, "Effect", Vector3.new())
			prt.Anchored = true
			prt.CFrame = cframe
			msh = CFuncs.Mesh.Create("BlockMesh", prt, "", "", Vector3.new(0, 0, 0), Vector3.new(x1, y1, z1))
			game:GetService("Debris"):AddItem(prt, 10)
			if Type == 1 or Type == nil then
				table.insert(Effects, {
					prt,
					"Block1",
					delay,
					x3,
					y3,
					z3,
					msh
				})
			elseif Type == 2 then
				table.insert(Effects, {
					prt,
					"Block2",
					delay,
					x3,
					y3,
					z3,
					msh
				})
			elseif Type == 3 then
				table.insert(Effects, {
					prt,
					"Block3",
					delay,
					x3,
					y3,
					z3,
					msh,
					Part
				})
			elseif Type == 4 then
				table.insert(Effects, {
					prt,
					"Block2Fire",
					delay,
					x3,
					y3,
					z3,
					msh
				})
			end
		end
	};

	Sphere = {
		Create = function(brickcolor, cframe, x1, y1, z1, x3, y3, z3, delay, parent)
			local prt = CFuncs.Part.Create(EffectModel, "Neon", 0, 0, brickcolor, "Effect", Vector3.new())
			prt.Anchored = true
			prt.CFrame = cframe
			if parent == nil then
				prt.Parent = workspace
			else
				prt.Parent = parent
			end
			local msh = CFuncs.Mesh.Create("SpecialMesh", prt, "Sphere", "", Vector3.new(0, 0, 0), Vector3.new(x1, y1, z1))
			game:GetService("Debris"):AddItem(prt, 10)
			table.insert(Effects, {
				prt,
				"Cylinder",
				delay,
				x3,
				y3,
				z3,
				msh
			})
		end
	};

	Blood = {
		Create = function(brickcolor, cframe, x1, y1, z1, x3, y3, z3, delay)
			local prt = CFuncs.Part.Create(EffectModel, "Neon", 0, 0, brickcolor, "Effect", Vector3.new())
			prt.Anchored = true
			prt.CFrame = cframe
			local msh = CFuncs.Mesh.Create("SpecialMesh", prt, "Sphere", "", Vector3.new(0, 0, 0), Vector3.new(x1, y1, z1))
			game:GetService("Debris"):AddItem(prt, 10)
			table.insert(Effects, {
				prt,
				"Blood",
				delay,
				x3,
				y3,
				z3,
				msh
			})
		end
	};

	Blast = {
		Create = function(brickcolor, cframe, x1, y1, z1, x3, y3, z3, delay, Part)
			local prt = CFuncs.Part.Create(EffectModel, "Neon", 0, 0, brickcolor, "Effect", Vector3.new())
			prt.Anchored = true
			prt.CFrame = cframe
			local msh = CFuncs.Mesh.Create("SpecialMesh", prt, "FileMesh", "1323306", Vector3.new(0, 0, 0), Vector3.new(x1, y1, z1))
			game:GetService("Debris"):AddItem(prt, 10)
			table.insert(Effects, {
				prt,
				"Block4",
				delay,
				x3,
				y3,
				z3,
				msh,
				Part
			})
		end
	};

	Ring = {
		Create = function(brickcolor, cframe, x1, y1, z1, x3, y3, z3, delay)
			local prt = CFuncs.Part.Create(EffectModel, "Neon", 0, 0, brickcolor, "Effect", Vector3.new(0.5, 0.5, 0.5))
			prt.Anchored = true
			prt.CFrame = cframe
			local msh = CFuncs.Mesh.Create("SpecialMesh", prt, "FileMesh", "3270017", Vector3.new(0, 0, 0), Vector3.new(x1, y1, z1))
			game:GetService("Debris"):AddItem(prt, 10)
			table.insert(Effects, {
				prt,
				"Cylinder",
				delay,
				x3,
				y3,
				z3,
				msh
			})
		end
	};

	Cylinder = {
		Create = function(brickcolor, cframe, x1, y1, z1, x3, y3, z3, delay)
			local prt = CFuncs.Part.Create(EffectModel, "Neon", 0, 0, brickcolor, "Effect", Vector3.new())
			prt.Anchored = true
			prt.CFrame = cframe
			local msh = CFuncs.Mesh.Create("CylinderMesh", prt, "", "", Vector3.new(0, 0, 0), Vector3.new(x1, y1, z1))
			game:GetService("Debris"):AddItem(prt, 10)
			table.insert(Effects, {
				prt,
				"Cylinder",
				delay,
				x3,
				y3,
				z3,
				msh
			})
		end
	};

	Head = {
		Create = function(brickcolor, cframe, x1, y1, z1, x3, y3, z3, delay)
			local prt = CFuncs.Part.Create(EffectModel, "Neon", 0, 0, brickcolor, "Effect", Vector3.new())
			prt.Anchored = true
			prt.CFrame = cframe
			local msh = CFuncs.Mesh.Create("SpecialMesh", prt, "Head", "", Vector3.new(0, 0, 0), Vector3.new(x1, y1, z1))
			game:GetService("Debris"):AddItem(prt, 10)
			table.insert(Effects, {
				prt,
				"Cylinder",
				delay,
				x3,
				y3,
				z3,
				msh
			})
		end
	};

	Wave = {
		Create = function(brickcolor, cframe, x1, y1, z1, x3, y3, z3, delay)
			local prt = CFuncs.Part.Create(EffectModel, "Neon", 0, 0, brickcolor, "Effect", Vector3.new())
			prt.Anchored = true
			prt.CFrame = cframe
			local msh = CFuncs.Mesh.Create("SpecialMesh", prt, "FileMesh", "20329976", Vector3.new(0, 0, 0), Vector3.new(x1, y1, z1))
			game:GetService("Debris"):AddItem(prt, 10)
			table.insert(Effects, {
				prt,
				"Cylinder",
				delay,
				x3,
				y3,
				z3,
				msh
			})
		end
	};

	Break = {
		Create = function(brickcolor, cframe, x1, y1, z1)
			local prt = CFuncs.Part.Create(EffectModel, "Neon", 0, 0, brickcolor, "Effect", Vector3.new(0.5, 0.5, 0.5))
			prt.Anchored = true
			prt.CFrame = cframe * CFrame.fromEulerAnglesXYZ(math.random(-50, 50), math.random(-50, 50), math.random(-50, 50))
			game:GetService("Debris"):AddItem(prt, 10)
			local msh = CFuncs.Mesh.Create("SpecialMesh", prt, "Sphere", "", Vector3.new(0, 0, 0), Vector3.new(x1, y1, z1))
			local num = math.random(10, 50) / 1000
			table.insert(Effects, {
				prt,
				"Shatter",
				num,
				prt.CFrame,
				math.random() - math.random(),
				0,
				math.random(50, 100) / 100
			})
		end
	};

	Elec = {
		Create = function(brickcolor, cff, x, y, z)
			local prt = CFuncs.Part.Create(EffectModel, "Neon", 0, 0, brickcolor, "Part", Vector3.new(1, 1, 1))
			prt.Anchored = true
			prt.CFrame = cff * CFrame.new(math.random(-x * 100, x * 100) / 100, math.random(-y * 100, y * 100) / 100, math.random(-z * 100, z * 100) / 100)
			prt.CFrame = CFrame.new(prt.Position)
			game:GetService("Debris"):AddItem(prt, 10)
			xval = math.random() / 9
			yval = math.random() / 9
			zval = math.random() / 9
			msh = CFuncs.Mesh.Create("BlockMesh", prt, "", "", Vector3.new(0, 0, 0), Vector3.new(xval, yval, zval))
			eul1 = math.random(-50, 50)
			eul2 = math.random(-50, 50)
			eul3 = math.random(-50, 50)
			euld = CFrame.fromEulerAnglesXYZ(eul1, eul2, eul3)
			euld2 = CFrame.fromEulerAnglesXYZ(-eul1, -eul2, -eul3)
			table.insert(Effects, {
				prt,
				"Elec",
				.05,
				x,
				y,
				z,
				xval,
				yval,
				zval,
				msh,
				euld,
				euld2
			})
		end
	};

	Elec2 = {
		Create = function(brickcolor, cff, x, y, z)
			local prt = CFuncs.Part.Create(EffectModel, "Neon", 0, 0, brickcolor, "Part", Vector3.new(1, 1, 1))
			prt.Anchored = true
			prt.CFrame = cff * CFrame.new(math.random(-x * 100, x * 100) / 100, math.random(-y * 100, y * 100) / 100, math.random(-z * 100, z * 100) / 100)
			prt.CFrame = CFrame.new(prt.Position)
			game:GetService("Debris"):AddItem(prt, 10)
			xval = math.random() / 7
			yval = math.random() / 7
			zval = math.random() / 7
			msh = CFuncs.Mesh.Create("BlockMesh", prt, "", "", Vector3.new(0, 0, 0), Vector3.new(xval, yval, zval))
			eul1 = math.random(-50, 50)
			eul2 = math.random(-50, 50)
			eul3 = math.random(-50, 50)
			euld = CFrame.fromEulerAnglesXYZ(eul1, eul2, eul3)
			euld2 = CFrame.fromEulerAnglesXYZ(-eul1, -eul2, -eul3)
			table.insert(Effects, {
				prt,
				"Elec",
				.1,
				x,
				y,
				z,
				xval,
				yval,
				zval,
				msh,
				euld,
				euld2
			})
		end
	};

	Clone = {
		Create = function() 
			for _, v in pairs(Torso.Parent:children()) do
				if v.className == "Part" and v.Name ~= "HumanoidRootPart" then
					local c = CFuncs.Part.Create(EffectModel, "Neon", 0, .5, BrickColor.new("Bright blue"), "Effect", v.Size)
					c.Anchored = true
					c.CFrame = v.CFrame
					game:GetService("Debris"):AddItem(c, 5)
					local cmsh = nil
					if v.Name == "Head" then
						cmsh = CFuncs.Mesh.Create("SpecialMesh", c, "Head", "", Vector3.new(0, 0, 0), v.Mesh.Scale)
					else
						cmsh = CFuncs.Mesh.Create("BlockMesh", c, "", "", Vector3.new(0, 0, 0), Vector3.new(1, 1, 1))
					end
					table.insert(Effects, {
						c,
						"Cylinder",
						0.05,
						0.1,
						0.1,
						0.1,
						cmsh
					})
				end
			end
		end
	};

	EffectTemplate = {

	};
}


shoot = function(mouse, aoe , partt, SpreadAmount, multiply)
	
	local SpreadVectors = Vector3.new(math.random(-SpreadAmount, SpreadAmount), math.random(-SpreadAmount, SpreadAmount), math.random(-SpreadAmount, SpreadAmount))
	local MainPos = partt.Position
	local MainPos2 = mouse.Hit.p + SpreadVectors
	local MouseLook = CFrame.new((MainPos + MainPos2) / 2, MainPos2)
	local speed = 100
	local num = 500
	coroutine.resume(coroutine.create(function()
		
		repeat
